# Name=AcrB
# pos	aa	SP	TAT	LIPO	CS	OTHER
1	M	X	0.080138	0.008467	0.018627	0.000059	0.892709
2	P	X	0.080135	0.008410	0.018485	0.000106	0.892864
3	N	X	0.080114	0.008355	0.018390	0.000054	0.893086
4	F	X	0.080093	0.008318	0.018311	0.000026	0.893253
5	F	X	0.080069	0.008282	0.018230	0.000034	0.893385
6	I	X	0.080041	0.008250	0.018154	0.000035	0.893519
7	D	X	0.080011	0.008222	0.018079	0.000041	0.893647
8	R	X	0.079957	0.008192	0.017974	0.000103	0.893774
9	P	X	0.079887	0.008165	0.017865	0.000129	0.893954
10	I	X	0.079829	0.008144	0.017786	0.000089	0.894152
11	F	X	0.079748	0.008123	0.017686	0.000138	0.894305
12	A	X	0.079558	0.008090	0.017427	0.000424	0.894501
13	W	X	0.079428	0.008058	0.017324	0.000219	0.894972
14	V	X	0.079261	0.008039	0.017220	0.000252	0.895229
15	I	X	0.079130	0.008018	0.017120	0.000221	0.895511
16	A	X	0.078857	0.007949	0.016897	0.000539	0.895758
17	I	X	0.078699	0.007920	0.016754	0.000314	0.896312
18	I	X	0.078521	0.007902	0.016587	0.000352	0.896639
19	I	X	0.078346	0.007873	0.016457	0.000324	0.897000
20	M	X	0.078118	0.007850	0.016332	0.000367	0.897332
21	L	X	0.077753	0.007829	0.016231	0.000476	0.897712
22	A	X	0.076783	0.007810	0.015260	0.001947	0.898200
23	G	X	0.076216	0.007800	0.007524	0.008305	0.900155
24	G	X	0.075190	0.007785	0.004158	0.004402	0.908465
25	L	X	0.074273	0.007777	0.003572	0.001473	0.912904
26	A	X	0.053730	0.007675	0.002814	0.021357	0.914424
27	I	X	0.050707	0.007644	0.002349	0.003481	0.935819
28	L	X	0.046674	0.007571	0.001853	0.004569	0.939332
29	K	X	0.043613	0.007532	0.001568	0.003362	0.943925
30	L	X	0.042783	0.007483	0.001465	0.000962	0.947308
31	P	X	0.041705	0.007430	0.001322	0.001259	0.948284
32	V	X	0.038823	0.007277	0.001136	0.003206	0.949558
33	A	X	0.027918	0.005739	0.000535	0.013031	0.952776
34	Q	X	0.022875	0.004791	0.000327	0.006184	0.965823
35	Y	X	0.021825	0.004484	0.000278	0.001386	0.972027
36	P	X	0.020548	0.004169	0.000235	0.001624	0.973423
37	T	X	0.019387	0.003960	0.000211	0.001396	0.975047
38	I	X	0.018259	0.003852	0.000196	0.001256	0.976437
39	A	X	0.016366	0.003512	0.000171	0.002278	0.977673
40	P	X	0.015526	0.003343	0.000163	0.001038	0.979930
41	P	X	0.013721	0.002960	0.000131	0.002257	0.980930
42	A	X	0.011660	0.002587	0.000111	0.002504	0.983138
43	V	X	0.010983	0.002441	0.000112	0.000851	0.985613
44	T	X	0.009797	0.002224	0.000102	0.001463	0.986414
45	I	X	0.008948	0.002028	0.000095	0.001106	0.987823
46	S	X	0.007649	0.001809	0.000077	0.001617	0.988848
47	A	X	0.005529	0.001396	0.000045	0.002681	0.990349
48	S	X	0.004659	0.001263	0.000037	0.001068	0.992973
49	Y	X	0.004495	0.001203	0.000040	0.000254	0.994008
50	P	X	0.004217	0.001122	0.000042	0.000406	0.994214
51	G	X	0.003750	0.001004	0.000039	0.000658	0.994549
52	A	X	0.003460	0.000920	0.000038	0.000445	0.995138
53	D	X	0.003232	0.000897	0.000043	0.000306	0.995523
54	A	X	0.001723	0.000694	0.000032	0.001918	0.995633
55	K	X	0.001493	0.000631	0.000032	0.000344	0.997500
56	T	X	0.001269	0.000578	0.000032	0.000325	0.997796
57	V	X	0.001079	0.000522	0.000033	0.000286	0.998080
58	Q	X	0.000910	0.000470	0.000032	0.000268	0.998320
59	D	X	0.000770	0.000423	0.000031	0.000233	0.998542
60	T	X	0.000698	0.000384	0.000033	0.000146	0.998739
61	V	X	0.000631	0.000348	0.000037	0.000134	0.998850
62	T	X	0.000565	0.000312	0.000041	0.000142	0.998940
63	Q	X	0.000507	0.000276	0.000044	0.000142	0.999030
64	V	X	0.000461	0.000250	0.000048	0.000116	0.999125
65	I	X	0.000405	0.000222	0.000051	0.000134	0.999188
66	E	X	0.000344	0.000192	0.000051	0.000164	0.999249
67	Q	X	0.000278	0.000160	0.000045	0.000186	0.999331
68	N	X	0.000231	0.000131	0.000040	0.000148	0.999449
69	M	X	0.000164	0.000101	0.000032	0.000176	0.999527
70	N	X	0.000160	0.000104	0.000037	0.000037	0.999662
