# Name=AcrA
# pos	aa	SP	TAT	LIPO	CS	OTHER
1	M	L	0.007745	0.000131	0.991671	0.000005	0.000449
2	N	L	0.007715	0.000117	0.991726	0.000020	0.000422
3	K	L	0.007687	0.000105	0.991783	0.000018	0.000407
4	N	L	0.007664	0.000097	0.991853	0.000004	0.000381
5	R	L	0.007640	0.000090	0.991902	0.000006	0.000362
6	G	L	0.007615	0.000081	0.991952	0.000008	0.000344
7	F	L	0.007591	0.000074	0.992006	0.000005	0.000324
8	T	L	0.007568	0.000067	0.992058	0.000003	0.000304
9	P	L	0.007544	0.000061	0.992108	0.000003	0.000283
10	L	L	0.007520	0.000054	0.992154	0.000009	0.000264
11	A	L	0.007493	0.000048	0.992197	0.000013	0.000250
12	V	L	0.007468	0.000042	0.992243	0.000010	0.000237
13	V	L	0.007443	0.000036	0.992277	0.000019	0.000224
14	L	L	0.007419	0.000033	0.992313	0.000014	0.000220
15	M	L	0.007394	0.000031	0.992342	0.000018	0.000215
16	L	L	0.007369	0.000029	0.992371	0.000015	0.000216
17	S	L	0.007339	0.000028	0.992385	0.000031	0.000218
18	G	L	0.007298	0.000027	0.988241	0.004199	0.000236
19	S	L	0.007254	0.000026	0.988105	0.000234	0.004381
20	L	L	0.007194	0.000025	0.988105	0.000080	0.004596
21	A	L	0.003137	0.000017	0.987947	0.004235	0.004664
22	L	L	0.002952	0.000017	0.988160	0.000201	0.008671
23	T	L	0.001233	0.000012	0.988231	0.001726	0.008798
24	G	C	0.001034	0.000007	0.000006	0.988706	0.010247
25	C	X	0.000266	0.000007	0.000003	0.000999	0.998726
26	D	X	0.000258	0.000008	0.000002	0.000008	0.999724
27	D	X	0.000241	0.000008	0.000002	0.000020	0.999729
28	K	X	0.000216	0.000008	0.000003	0.000028	0.999745
29	Q	X	0.000183	0.000008	0.000003	0.000039	0.999767
30	A	X	0.000127	0.000007	0.000001	0.000069	0.999796
31	Q	X	0.000108	0.000006	0.000001	0.000023	0.999862
32	Q	X	0.000090	0.000006	0.000001	0.000023	0.999880
33	G	X	0.000073	0.000006	0.000002	0.000021	0.999899
34	G	X	0.000061	0.000006	0.000001	0.000018	0.999915
35	Q	X	0.000053	0.000006	0.000001	0.000011	0.999929
36	Q	X	0.000048	0.000006	0.000002	0.000009	0.999935
37	M	X	0.000042	0.000006	0.000003	0.000010	0.999939
38	P	X	0.000035	0.000006	0.000004	0.000015	0.999940
39	A	X	0.000027	0.000005	0.000002	0.000019	0.999946
40	V	X	0.000024	0.000005	0.000003	0.000007	0.999961
41	G	X	0.000020	0.000005	0.000002	0.000011	0.999962
42	V	X	0.000019	0.000005	0.000002	0.000005	0.999969
43	V	X	0.000018	0.000006	0.000003	0.000003	0.999969
44	T	X	0.000018	0.000006	0.000004	0.000006	0.999966
45	V	X	0.000017	0.000007	0.000005	0.000006	0.999965
46	K	X	0.000016	0.000007	0.000004	0.000010	0.999962
47	T	X	0.000015	0.000007	0.000002	0.000011	0.999964
48	E	X	0.000015	0.000008	0.000003	0.000003	0.999971
49	P	X	0.000014	0.000008	0.000004	0.000007	0.999967
50	L	X	0.000014	0.000008	0.000004	0.000008	0.999966
51	Q	X	0.000014	0.000009	0.000004	0.000005	0.999968
52	I	X	0.000014	0.000010	0.000005	0.000005	0.999966
53	T	X	0.000015	0.000011	0.000006	0.000006	0.999963
54	T	X	0.000015	0.000011	0.000007	0.000005	0.999962
55	E	X	0.000016	0.000013	0.000008	0.000005	0.999959
56	L	X	0.000017	0.000014	0.000010	0.000006	0.999954
57	P	X	0.000017	0.000014	0.000012	0.000008	0.999948
58	G	X	0.000017	0.000015	0.000012	0.000012	0.999943
59	R	X	0.000017	0.000015	0.000013	0.000013	0.999941
60	T	X	0.000018	0.000016	0.000013	0.000011	0.999942
61	S	X	0.000017	0.000016	0.000014	0.000014	0.999939
62	A	X	0.000015	0.000015	0.000011	0.000021	0.999938
63	Y	X	0.000016	0.000016	0.000013	0.000008	0.999948
64	R	X	0.000015	0.000015	0.000013	0.000014	0.999943
65	I	X	0.000014	0.000014	0.000013	0.000015	0.999944
66	A	X	0.000012	0.000013	0.000009	0.000020	0.999946
67	E	X	0.000011	0.000012	0.000009	0.000012	0.999957
68	V	X	0.000010	0.000010	0.000008	0.000013	0.999959
69	R	X	0.000008	0.000008	0.000004	0.000020	0.999960
70	P	X	0.000009	0.000009	0.000007	0.000003	0.999972
