# Name=marA
# pos	aa	SP	TAT	LIPO	CS	OTHER
1	M	X	0.003406	0.008061	0.000945	0.000035	0.987553
2	S	X	0.003360	0.007957	0.000838	0.000080	0.987765
3	R	X	0.003321	0.007833	0.000747	0.000070	0.988029
4	R	X	0.003288	0.007730	0.000676	0.000037	0.988269
5	N	X	0.003256	0.007636	0.000614	0.000030	0.988464
6	T	X	0.003229	0.007557	0.000563	0.000010	0.988642
7	D	X	0.003201	0.007483	0.000514	0.000012	0.988791
8	A	X	0.003165	0.007403	0.000464	0.000030	0.988937
9	I	X	0.003139	0.007337	0.000424	0.000012	0.989089
10	T	X	0.003096	0.007273	0.000384	0.000035	0.989213
11	I	X	0.003059	0.007216	0.000348	0.000027	0.989350
12	H	X	0.002998	0.007164	0.000311	0.000054	0.989472
13	S	X	0.002797	0.007078	0.000247	0.000260	0.989618
14	I	X	0.002739	0.007030	0.000215	0.000054	0.989962
15	L	X	0.002595	0.006957	0.000183	0.000171	0.990093
16	D	X	0.002476	0.006918	0.000158	0.000119	0.990329
17	W	X	0.002263	0.006882	0.000125	0.000227	0.990503
18	I	X	0.002101	0.006845	0.000094	0.000181	0.990779
19	E	X	0.002035	0.006813	0.000079	0.000073	0.991000
20	D	X	0.001972	0.006784	0.000070	0.000069	0.991106
21	N	X	0.001915	0.006757	0.000062	0.000063	0.991203
22	L	X	0.001854	0.006730	0.000055	0.000070	0.991291
23	E	X	0.001816	0.006705	0.000052	0.000042	0.991385
24	S	X	0.001758	0.006678	0.000050	0.000066	0.991448
25	P	X	0.001721	0.006652	0.000047	0.000045	0.991535
26	L	X	0.001683	0.006621	0.000045	0.000052	0.991600
27	S	X	0.001606	0.006580	0.000042	0.000101	0.991671
28	L	X	0.001517	0.006513	0.000037	0.000143	0.991790
29	E	X	0.001448	0.006447	0.000036	0.000120	0.991949
30	K	X	0.001364	0.006361	0.000034	0.000156	0.992085
31	V	X	0.001291	0.006296	0.000033	0.000123	0.992256
32	S	X	0.001213	0.006197	0.000030	0.000166	0.992395
33	E	X	0.001100	0.006047	0.000027	0.000251	0.992575
34	R	X	0.000947	0.005761	0.000022	0.000430	0.992840
35	S	X	0.000866	0.005601	0.000021	0.000229	0.993283
36	G	X	0.000794	0.005484	0.000017	0.000180	0.993525
37	Y	X	0.000753	0.005423	0.000016	0.000093	0.993715
38	S	X	0.000677	0.005031	0.000015	0.000459	0.993819
39	K	X	0.000642	0.004898	0.000015	0.000160	0.994285
40	W	X	0.000623	0.004838	0.000015	0.000074	0.994450
41	H	X	0.000597	0.004793	0.000015	0.000066	0.994528
42	L	X	0.000562	0.004629	0.000015	0.000197	0.994597
43	Q	X	0.000534	0.004566	0.000015	0.000088	0.994796
44	R	X	0.000505	0.004500	0.000015	0.000095	0.994886
45	M	X	0.000479	0.004423	0.000015	0.000101	0.994982
46	F	X	0.000464	0.004356	0.000015	0.000080	0.995084
47	K	X	0.000435	0.004211	0.000015	0.000174	0.995165
48	K	X	0.000413	0.004131	0.000014	0.000103	0.995339
49	E	X	0.000400	0.004104	0.000014	0.000039	0.995442
50	T	X	0.000387	0.004075	0.000014	0.000041	0.995482
51	G	X	0.000373	0.004018	0.000014	0.000072	0.995523
52	H	X	0.000360	0.003988	0.000014	0.000044	0.995595
53	S	X	0.000333	0.003740	0.000014	0.000277	0.995637
54	L	X	0.000316	0.003674	0.000013	0.000084	0.995912
55	G	X	0.000291	0.003195	0.000012	0.000507	0.995994
56	Q	X	0.000278	0.003086	0.000012	0.000124	0.996499
57	Y	X	0.000269	0.003015	0.000013	0.000083	0.996621
58	I	X	0.000259	0.002914	0.000013	0.000112	0.996701
59	R	X	0.000247	0.002778	0.000013	0.000153	0.996809
60	S	X	0.000231	0.002389	0.000013	0.000410	0.996957
61	R	X	0.000219	0.002230	0.000012	0.000177	0.997362
62	K	X	0.000204	0.001890	0.000012	0.000359	0.997535
63	M	X	0.000192	0.001793	0.000011	0.000113	0.997890
64	T	X	0.000186	0.001741	0.000012	0.000062	0.998000
65	E	X	0.000179	0.001692	0.000012	0.000058	0.998059
66	I	X	0.000169	0.001593	0.000012	0.000113	0.998112
67	A	X	0.000155	0.001316	0.000012	0.000302	0.998216
68	Q	X	0.000139	0.001190	0.000012	0.000151	0.998508
69	K	X	0.000127	0.001081	0.000012	0.000135	0.998646
70	L	X	0.000125	0.001075	0.000014	0.000015	0.998770
