# Name=lpxA
# pos	aa	SP	TAT	LIPO	CS	OTHER
1	M	X	0.018472	0.003431	0.001974	0.000028	0.976095
2	I	X	0.018432	0.003370	0.001909	0.000043	0.976246
3	D	X	0.018404	0.003314	0.001857	0.000025	0.976400
4	K	X	0.018373	0.003266	0.001811	0.000020	0.976530
5	S	X	0.018327	0.003217	0.001763	0.000043	0.976650
6	A	X	0.018282	0.003173	0.001718	0.000039	0.976788
7	F	X	0.018206	0.003131	0.001676	0.000072	0.976915
8	V	X	0.018070	0.003091	0.001633	0.000135	0.977071
9	H	X	0.018003	0.003054	0.001601	0.000060	0.977282
10	P	X	0.017775	0.003018	0.001562	0.000231	0.977414
11	T	X	0.017611	0.002986	0.001518	0.000174	0.977711
12	A	X	0.017341	0.002954	0.001455	0.000302	0.977948
13	I	X	0.017047	0.002924	0.001410	0.000311	0.978308
14	V	X	0.016281	0.002875	0.001319	0.000853	0.978671
15	E	X	0.015883	0.002849	0.001262	0.000438	0.979568
16	E	X	0.015222	0.002821	0.001163	0.000747	0.980046
17	G	X	0.014242	0.002776	0.000999	0.001154	0.980829
18	A	X	0.013418	0.002721	0.000850	0.000995	0.982015
19	S	X	0.012699	0.002663	0.000761	0.000837	0.983040
20	I	X	0.012133	0.002587	0.000704	0.000670	0.983906
21	G	X	0.011226	0.002457	0.000431	0.001284	0.984602
22	A	X	0.009958	0.002204	0.000248	0.001680	0.985910
23	N	X	0.009441	0.002142	0.000177	0.000628	0.987612
24	A	X	0.001542	0.001031	0.000056	0.009114	0.988256
25	H	X	0.001333	0.000934	0.000036	0.000304	0.997394
26	I	X	0.001058	0.000761	0.000022	0.000441	0.997719
27	G	X	0.000960	0.000719	0.000019	0.000127	0.998176
28	P	X	0.000857	0.000688	0.000015	0.000125	0.998314
29	F	X	0.000762	0.000653	0.000012	0.000126	0.998448
30	C	X	0.000653	0.000594	0.000009	0.000164	0.998580
31	I	X	0.000593	0.000565	0.000009	0.000084	0.998749
32	V	X	0.000537	0.000539	0.000008	0.000081	0.998836
33	G	X	0.000499	0.000529	0.000007	0.000046	0.998918
34	P	X	0.000455	0.000520	0.000006	0.000053	0.998965
35	H	X	0.000428	0.000515	0.000006	0.000032	0.999019
36	V	X	0.000400	0.000509	0.000006	0.000034	0.999051
37	E	X	0.000383	0.000506	0.000006	0.000021	0.999084
38	I	X	0.000354	0.000494	0.000006	0.000044	0.999102
39	G	X	0.000325	0.000485	0.000006	0.000042	0.999143
40	E	X	0.000302	0.000479	0.000006	0.000032	0.999181
41	G	X	0.000275	0.000468	0.000006	0.000041	0.999209
42	T	X	0.000260	0.000465	0.000006	0.000021	0.999247
43	V	X	0.000248	0.000462	0.000007	0.000019	0.999264
44	L	X	0.000233	0.000458	0.000008	0.000024	0.999277
45	K	X	0.000213	0.000447	0.000008	0.000040	0.999293
46	S	X	0.000194	0.000434	0.000008	0.000039	0.999325
47	H	X	0.000183	0.000432	0.000008	0.000017	0.999359
48	V	X	0.000172	0.000429	0.000008	0.000020	0.999370
49	V	X	0.000167	0.000428	0.000009	0.000012	0.999384
50	V	X	0.000160	0.000424	0.000010	0.000018	0.999389
51	N	X	0.000152	0.000422	0.000011	0.000017	0.999398
52	G	X	0.000136	0.000401	0.000010	0.000052	0.999401
53	H	X	0.000130	0.000399	0.000010	0.000016	0.999445
54	T	X	0.000123	0.000393	0.000011	0.000023	0.999450
55	K	X	0.000117	0.000391	0.000011	0.000017	0.999464
56	I	X	0.000113	0.000388	0.000012	0.000016	0.999471
57	G	X	0.000107	0.000382	0.000012	0.000025	0.999475
58	R	X	0.000099	0.000370	0.000012	0.000035	0.999485
59	D	X	0.000095	0.000360	0.000011	0.000025	0.999509
60	N	X	0.000090	0.000350	0.000011	0.000026	0.999522
61	E	X	0.000087	0.000346	0.000012	0.000018	0.999537
62	I	X	0.000085	0.000340	0.000012	0.000019	0.999544
63	Y	X	0.000083	0.000339	0.000012	0.000014	0.999551
64	Q	X	0.000079	0.000327	0.000013	0.000032	0.999549
65	F	X	0.000076	0.000325	0.000013	0.000019	0.999567
66	A	X	0.000069	0.000305	0.000012	0.000050	0.999563
67	S	X	0.000065	0.000297	0.000012	0.000026	0.999598
68	I	X	0.000061	0.000289	0.000013	0.000028	0.999609
69	G	X	0.000056	0.000252	0.000011	0.000067	0.999614
70	E	X	0.000057	0.000250	0.000014	0.000012	0.999666
