# Name=amiC
# pos	aa	SP	TAT	LIPO	CS	OTHER
1	M	T	0.009435	0.988710	0.000919	0.000023	0.000913
2	S	T	0.009399	0.988863	0.000852	0.000051	0.000834
3	T	T	0.009371	0.988984	0.000797	0.000039	0.000809
4	F	T	0.009350	0.989130	0.000763	0.000015	0.000741
5	K	T	0.009330	0.989234	0.000729	0.000012	0.000695
6	P	T	0.009309	0.989331	0.000694	0.000011	0.000655
7	L	T	0.009287	0.989432	0.000662	0.000008	0.000610
8	K	T	0.009265	0.989532	0.000628	0.000008	0.000566
9	T	T	0.009241	0.989636	0.000594	0.000008	0.000521
10	L	T	0.009215	0.989745	0.000560	0.000006	0.000474
11	T	T	0.009188	0.989852	0.000525	0.000008	0.000427
12	S	T	0.009155	0.989960	0.000485	0.000016	0.000383
13	R	T	0.009119	0.990070	0.000442	0.000022	0.000347
14	R	T	0.009082	0.990190	0.000400	0.000021	0.000308
15	Q	T	0.009050	0.990301	0.000367	0.000014	0.000268
16	V	T	0.009020	0.990396	0.000341	0.000011	0.000232
17	L	T	0.008989	0.990481	0.000318	0.000012	0.000199
18	K	T	0.008960	0.990557	0.000299	0.000015	0.000171
19	A	T	0.008938	0.990610	0.000282	0.000017	0.000153
20	G	T	0.008928	0.990653	0.000271	0.000007	0.000141
21	L	T	0.008922	0.990673	0.000264	0.000010	0.000131
22	A	T	0.008919	0.990583	0.000256	0.000111	0.000131
23	A	T	0.008919	0.990077	0.000249	0.000526	0.000229
24	L	T	0.008924	0.989844	0.000245	0.000249	0.000739
25	T	T	0.008928	0.989355	0.000240	0.000497	0.000979
26	L	T	0.008935	0.989212	0.000236	0.000153	0.001464
27	S	T	0.008941	0.989081	0.000233	0.000133	0.001613
28	G	T	0.008947	0.988926	0.000055	0.000330	0.001741
29	M	T	0.008955	0.988839	0.000053	0.000091	0.002062
30	S	T	0.008958	0.988650	0.000050	0.000191	0.002151
31	Q	T	0.008961	0.988524	0.000041	0.000130	0.002343
32	A	T	0.008531	0.955387	0.000023	0.033581	0.002479
33	I	T	0.008573	0.955130	0.000023	0.000320	0.035953
34	A	C	0.000154	0.032151	0.000003	0.931463	0.036229
35	K	X	0.000120	0.024931	0.000004	0.007376	0.967569
36	D	X	0.000104	0.022592	0.000003	0.002358	0.974944
37	E	X	0.000100	0.021619	0.000003	0.000980	0.977299
38	P	X	0.000092	0.019951	0.000003	0.001686	0.978268
39	L	X	0.000083	0.017353	0.000003	0.002623	0.979938
40	K	X	0.000077	0.015011	0.000004	0.002362	0.982546
41	T	X	0.000069	0.012460	0.000004	0.002576	0.984890
42	S	X	0.000065	0.010958	0.000004	0.001522	0.987451
43	N	X	0.000061	0.009674	0.000005	0.001303	0.988956
44	G	X	0.000056	0.007787	0.000005	0.001916	0.990237
45	H	X	0.000053	0.007015	0.000006	0.000792	0.992133
46	S	X	0.000048	0.005744	0.000006	0.001303	0.992899
47	K	X	0.000046	0.004966	0.000008	0.000799	0.994182
48	P	X	0.000042	0.004338	0.000008	0.000652	0.994959
49	K	X	0.000035	0.003252	0.000007	0.001126	0.995579
50	A	X	0.000025	0.002064	0.000005	0.001235	0.996672
51	K	X	0.000020	0.001528	0.000004	0.000556	0.997892
52	K	X	0.000014	0.000835	0.000002	0.000713	0.998435
53	S	X	0.000011	0.000468	0.000002	0.000378	0.999141
54	G	X	0.000010	0.000375	0.000001	0.000100	0.999514
55	G	X	0.000009	0.000287	0.000001	0.000095	0.999608
56	K	X	0.000008	0.000192	0.000001	0.000102	0.999697
57	R	X	0.000007	0.000116	0.000001	0.000086	0.999790
58	V	X	0.000007	0.000085	0.000001	0.000037	0.999870
59	V	X	0.000007	0.000074	0.000001	0.000015	0.999902
60	V	X	0.000007	0.000067	0.000002	0.000014	0.999911
61	L	X	0.000008	0.000055	0.000002	0.000019	0.999917
62	D	X	0.000009	0.000046	0.000002	0.000014	0.999930
63	P	X	0.000010	0.000040	0.000002	0.000013	0.999935
64	G	X	0.000010	0.000034	0.000002	0.000017	0.999936
65	H	X	0.000011	0.000028	0.000003	0.000014	0.999943
66	G	X	0.000012	0.000023	0.000004	0.000017	0.999944
67	G	X	0.000013	0.000019	0.000005	0.000016	0.999947
68	I	X	0.000015	0.000016	0.000006	0.000012	0.999951
69	D	X	0.000017	0.000013	0.000009	0.000015	0.999946
70	T	X	0.000023	0.000017	0.000016	0.000006	0.999939
