# Name=ftsI
# pos	aa	SP	TAT	LIPO	CS	OTHER
1	M	X	0.013856	0.001192	0.015626	0.000030	0.969295
2	K	X	0.013791	0.001120	0.015461	0.000084	0.969544
3	A	X	0.013731	0.001051	0.015318	0.000067	0.969832
4	A	X	0.013669	0.000987	0.015184	0.000063	0.970097
5	A	X	0.013599	0.000892	0.015057	0.000108	0.970344
6	K	X	0.013538	0.000840	0.014937	0.000073	0.970612
7	T	X	0.013478	0.000797	0.014812	0.000079	0.970833
8	Q	X	0.013405	0.000749	0.014698	0.000095	0.971053
9	K	X	0.013339	0.000709	0.014595	0.000080	0.971278
10	P	X	0.013273	0.000672	0.014490	0.000086	0.971479
11	K	X	0.013210	0.000639	0.014377	0.000096	0.971677
12	R	X	0.013138	0.000606	0.014188	0.000189	0.971879
13	Q	X	0.013066	0.000571	0.014007	0.000191	0.972164
14	E	X	0.013003	0.000545	0.013882	0.000127	0.972443
15	E	X	0.012946	0.000525	0.013776	0.000106	0.972648
16	H	X	0.012808	0.000494	0.013585	0.000287	0.972826
17	A	X	0.012510	0.000462	0.013329	0.000520	0.973179
18	N	X	0.012204	0.000427	0.013132	0.000478	0.973759
19	F	X	0.011678	0.000395	0.012901	0.000735	0.974291
20	I	X	0.011032	0.000371	0.012672	0.000852	0.975073
21	S	X	0.010320	0.000344	0.012426	0.000944	0.975966
22	W	X	0.009660	0.000322	0.012240	0.000835	0.976942
23	R	X	0.009157	0.000297	0.012022	0.000721	0.977802
24	F	X	0.008738	0.000284	0.011855	0.000579	0.978544
25	A	X	0.008269	0.000253	0.011642	0.000695	0.979141
26	L	X	0.008063	0.000240	0.011523	0.000323	0.979850
27	L	X	0.007654	0.000225	0.011284	0.000651	0.980186
28	C	X	0.007438	0.000215	0.011156	0.000347	0.980844
29	G	X	0.007138	0.000203	0.001097	0.010400	0.981163
30	C	X	0.006970	0.000199	0.000910	0.000338	0.991584
31	I	X	0.006914	0.000196	0.000841	0.000107	0.991942
32	L	X	0.006851	0.000194	0.000815	0.000075	0.992065
33	L	X	0.006806	0.000194	0.000792	0.000057	0.992151
34	A	X	0.006690	0.000194	0.000735	0.000167	0.992215
35	L	X	0.006636	0.000195	0.000675	0.000108	0.992385
36	A	X	0.006124	0.000193	0.000573	0.000617	0.992493
37	F	X	0.006075	0.000196	0.000552	0.000071	0.993105
38	L	X	0.005961	0.000200	0.000539	0.000131	0.993168
39	L	X	0.005746	0.000205	0.000532	0.000230	0.993287
40	G	X	0.005403	0.000209	0.000111	0.000788	0.993489
41	R	X	0.005290	0.000215	0.000048	0.000185	0.994262
42	V	X	0.005012	0.000221	0.000035	0.000300	0.994433
43	A	X	0.004370	0.000223	0.000024	0.000670	0.994713
44	W	X	0.004064	0.000223	0.000019	0.000330	0.995364
45	L	X	0.001603	0.000053	0.000007	0.002761	0.995576
46	Q	X	0.001416	0.000047	0.000005	0.000202	0.998329
47	V	X	0.001173	0.000038	0.000004	0.000263	0.998522
48	I	X	0.001062	0.000036	0.000004	0.000121	0.998778
49	S	X	0.000921	0.000031	0.000004	0.000156	0.998888
50	P	X	0.000816	0.000029	0.000004	0.000118	0.999033
51	D	X	0.000768	0.000032	0.000005	0.000054	0.999140
52	M	X	0.000732	0.000036	0.000008	0.000044	0.999179
53	L	X	0.000684	0.000041	0.000012	0.000063	0.999200
54	V	X	0.000597	0.000043	0.000016	0.000113	0.999230
55	K	X	0.000550	0.000046	0.000021	0.000076	0.999308
56	E	X	0.000492	0.000049	0.000026	0.000085	0.999348
57	G	X	0.000448	0.000051	0.000030	0.000076	0.999394
58	D	X	0.000426	0.000058	0.000036	0.000045	0.999436
59	M	X	0.000391	0.000063	0.000042	0.000066	0.999438
60	R	X	0.000344	0.000065	0.000045	0.000099	0.999447
61	S	X	0.000291	0.000064	0.000047	0.000112	0.999485
62	L	X	0.000251	0.000068	0.000050	0.000082	0.999549
63	R	X	0.000206	0.000066	0.000050	0.000108	0.999569
64	V	X	0.000173	0.000066	0.000051	0.000084	0.999626
65	Q	X	0.000134	0.000064	0.000050	0.000101	0.999652
66	Q	X	0.000094	0.000056	0.000046	0.000117	0.999687
67	V	X	0.000080	0.000056	0.000044	0.000057	0.999763
68	S	X	0.000061	0.000049	0.000040	0.000083	0.999767
69	T	X	0.000047	0.000038	0.000032	0.000096	0.999787
70	S	X	0.000049	0.000042	0.000035	0.000028	0.999846
