# Name=acrB
# pos	aa	SP	TAT	LIPO	CS	OTHER
1	M	X	0.059019	0.004958	0.013704	0.000056	0.922263
2	P	X	0.058994	0.004892	0.013557	0.000104	0.922453
3	N	X	0.058966	0.004834	0.013461	0.000050	0.922688
4	F	X	0.058941	0.004795	0.013380	0.000023	0.922862
5	F	X	0.058914	0.004758	0.013299	0.000028	0.923001
6	I	X	0.058886	0.004724	0.013222	0.000028	0.923139
7	D	X	0.058858	0.004694	0.013149	0.000029	0.923269
8	R	X	0.058818	0.004664	0.013054	0.000071	0.923393
9	P	X	0.058770	0.004637	0.012962	0.000080	0.923550
10	I	X	0.058728	0.004615	0.012894	0.000055	0.923708
11	F	X	0.058674	0.004594	0.012811	0.000086	0.923835
12	A	X	0.058563	0.004567	0.012638	0.000246	0.923986
13	W	X	0.058486	0.004547	0.012558	0.000122	0.924287
14	V	X	0.058393	0.004530	0.012476	0.000144	0.924456
15	I	X	0.058311	0.004516	0.012402	0.000131	0.924640
16	A	X	0.058167	0.004493	0.012244	0.000292	0.924804
17	I	X	0.058070	0.004481	0.012154	0.000176	0.925119
18	I	X	0.057975	0.004472	0.012051	0.000190	0.925312
19	I	X	0.057888	0.004463	0.011974	0.000159	0.925516
20	M	X	0.057775	0.004457	0.011897	0.000184	0.925687
21	L	X	0.057582	0.004451	0.011835	0.000246	0.925886
22	A	X	0.057051	0.004444	0.011150	0.001208	0.926148
23	G	X	0.056704	0.004439	0.004886	0.006605	0.927366
24	G	X	0.056053	0.004432	0.002538	0.002998	0.933979
25	L	X	0.055457	0.004429	0.002123	0.000983	0.937009
26	A	X	0.038372	0.004365	0.001645	0.017589	0.938029
27	I	X	0.035987	0.004347	0.001386	0.002631	0.955649
28	L	X	0.032828	0.004303	0.001070	0.003494	0.958305
29	K	X	0.030512	0.004282	0.000885	0.002504	0.961816
30	L	X	0.029838	0.004252	0.000818	0.000757	0.964334
31	P	X	0.028995	0.004223	0.000730	0.000953	0.965099
32	V	X	0.026489	0.004131	0.000621	0.002703	0.966057
33	A	X	0.017375	0.003038	0.000250	0.010580	0.968757
34	Q	X	0.012873	0.002391	0.000135	0.005259	0.979342
35	Y	X	0.012095	0.002194	0.000111	0.000989	0.984612
36	P	X	0.011131	0.002008	0.000089	0.001168	0.985604
37	T	X	0.010249	0.001878	0.000077	0.001027	0.986769
38	I	X	0.009324	0.001822	0.000069	0.000995	0.987791
39	A	X	0.007859	0.001639	0.000057	0.001674	0.988771
40	P	X	0.007304	0.001544	0.000054	0.000665	0.990433
41	P	X	0.006171	0.001364	0.000042	0.001349	0.991074
42	A	X	0.004859	0.001208	0.000034	0.001507	0.992392
43	V	X	0.004418	0.001128	0.000034	0.000533	0.993887
44	T	X	0.003822	0.001031	0.000034	0.000717	0.994396
45	I	X	0.003224	0.000937	0.000033	0.000719	0.995088
46	S	X	0.002729	0.000848	0.000031	0.000616	0.995775
47	R	X	0.002401	0.000771	0.000028	0.000441	0.996359
48	F	X	0.002059	0.000718	0.000028	0.000424	0.996770
49	Y	X	0.002009	0.000685	0.000032	0.000106	0.997168
50	P	X	0.001935	0.000647	0.000036	0.000144	0.997238
51	G	X	0.001758	0.000596	0.000038	0.000282	0.997326
52	A	X	0.001647	0.000550	0.000040	0.000215	0.997548
53	D	X	0.001550	0.000540	0.000046	0.000156	0.997708
54	A	X	0.001037	0.000459	0.000040	0.000758	0.997706
55	K	X	0.000918	0.000422	0.000041	0.000205	0.998414
56	T	X	0.000801	0.000390	0.000043	0.000194	0.998572
57	V	X	0.000698	0.000356	0.000044	0.000176	0.998726
58	Q	X	0.000605	0.000323	0.000043	0.000173	0.998856
59	D	X	0.000529	0.000293	0.000043	0.000151	0.998984
60	T	X	0.000487	0.000266	0.000044	0.000104	0.999099
61	V	X	0.000446	0.000242	0.000047	0.000095	0.999169
62	T	X	0.000403	0.000219	0.000049	0.000107	0.999222
63	Q	X	0.000363	0.000197	0.000051	0.000108	0.999281
64	V	X	0.000333	0.000178	0.000052	0.000091	0.999346
65	I	X	0.000296	0.000161	0.000054	0.000099	0.999390
66	E	X	0.000257	0.000141	0.000051	0.000127	0.999424
67	Q	X	0.000217	0.000119	0.000046	0.000139	0.999479
68	N	X	0.000186	0.000100	0.000042	0.000112	0.999561
69	M	X	0.000138	0.000081	0.000035	0.000135	0.999611
70	T	X	0.000135	0.000085	0.000040	0.000033	0.999707
