# Name=tolC
# pos	aa	SP	TAT	LIPO	CS	OTHER
1	M	S	0.964024	0.000140	0.035450	0.000002	0.000384
2	K	S	0.964073	0.000135	0.035410	0.000010	0.000372
3	K	S	0.964124	0.000132	0.035366	0.000011	0.000366
4	L	S	0.964181	0.000130	0.035330	0.000004	0.000355
5	L	S	0.964232	0.000128	0.035296	0.000001	0.000343
6	P	S	0.964278	0.000127	0.035262	0.000001	0.000332
7	I	S	0.964324	0.000125	0.035228	0.000001	0.000322
8	L	S	0.964369	0.000124	0.035194	0.000001	0.000313
9	I	S	0.964413	0.000123	0.035158	0.000002	0.000304
10	G	S	0.964458	0.000123	0.035114	0.000007	0.000297
11	L	S	0.964503	0.000123	0.035044	0.000033	0.000297
12	S	S	0.964545	0.000123	0.034869	0.000141	0.000323
13	L	S	0.964586	0.000123	0.034770	0.000064	0.000456
14	S	S	0.964598	0.000124	0.034480	0.000279	0.000519
15	G	S	0.964599	0.000125	0.004079	0.030404	0.000793
16	F	S	0.964738	0.000134	0.003974	0.000123	0.031032
17	S	S	0.964316	0.000136	0.003717	0.000702	0.031130
18	S	S	0.963894	0.000137	0.000931	0.003223	0.031816
19	L	S	0.962774	0.000139	0.000868	0.001188	0.035031
20	S	S	0.926649	0.000138	0.000331	0.036663	0.036218
21	Q	S	0.915564	0.000141	0.000183	0.011260	0.072853
22	A	C	0.004881	0.000006	0.000011	0.911045	0.084058
23	E	X	0.004423	0.000009	0.000009	0.000461	0.995098
24	N	X	0.003067	0.000008	0.000007	0.001360	0.995557
25	L	X	0.002827	0.000009	0.000008	0.000242	0.996914
26	M	X	0.002548	0.000010	0.000009	0.000284	0.997149
27	Q	X	0.002335	0.000012	0.000012	0.000219	0.997422
28	V	X	0.002195	0.000014	0.000017	0.000147	0.997627
29	Y	X	0.002073	0.000017	0.000029	0.000131	0.997749
30	Q	X	0.001849	0.000019	0.000042	0.000250	0.997840
31	Q	X	0.001685	0.000022	0.000055	0.000187	0.998051
32	A	X	0.001498	0.000024	0.000063	0.000219	0.998195
33	R	X	0.001360	0.000027	0.000072	0.000166	0.998374
34	L	X	0.001222	0.000029	0.000077	0.000173	0.998499
35	S	X	0.001112	0.000032	0.000081	0.000142	0.998634
36	N	X	0.001054	0.000035	0.000095	0.000074	0.998742
37	P	X	0.000988	0.000039	0.000111	0.000092	0.998769
38	E	X	0.000928	0.000043	0.000130	0.000091	0.998808
39	L	X	0.000874	0.000047	0.000150	0.000090	0.998838
40	R	X	0.000804	0.000050	0.000169	0.000123	0.998853
41	K	X	0.000740	0.000053	0.000186	0.000124	0.998897
42	S	X	0.000678	0.000056	0.000196	0.000126	0.998944
43	A	X	0.000605	0.000055	0.000184	0.000170	0.998985
44	A	X	0.000527	0.000053	0.000161	0.000180	0.999078
45	D	X	0.000489	0.000055	0.000163	0.000082	0.999211
46	R	X	0.000444	0.000055	0.000157	0.000103	0.999241
47	D	X	0.000406	0.000056	0.000150	0.000094	0.999295
48	A	X	0.000363	0.000054	0.000131	0.000116	0.999337
49	A	X	0.000326	0.000053	0.000121	0.000093	0.999408
50	F	X	0.000300	0.000054	0.000125	0.000057	0.999464
51	E	X	0.000274	0.000055	0.000125	0.000068	0.999478
52	K	X	0.000250	0.000055	0.000124	0.000073	0.999498
53	I	X	0.000231	0.000056	0.000130	0.000059	0.999525
54	N	X	0.000212	0.000057	0.000135	0.000066	0.999530
55	E	X	0.000191	0.000056	0.000136	0.000087	0.999530
56	A	X	0.000164	0.000052	0.000115	0.000128	0.999541
57	R	X	0.000142	0.000048	0.000096	0.000097	0.999617
58	S	X	0.000124	0.000045	0.000082	0.000076	0.999674
59	P	X	0.000109	0.000043	0.000074	0.000058	0.999717
60	L	X	0.000097	0.000042	0.000071	0.000045	0.999745
61	L	X	0.000088	0.000042	0.000074	0.000035	0.999762
62	P	X	0.000077	0.000040	0.000072	0.000045	0.999766
63	Q	X	0.000068	0.000039	0.000068	0.000045	0.999780
64	L	X	0.000062	0.000038	0.000070	0.000033	0.999797
65	G	X	0.000055	0.000037	0.000070	0.000037	0.999801
66	L	X	0.000048	0.000035	0.000061	0.000054	0.999803
67	G	X	0.000038	0.000030	0.000043	0.000072	0.999817
68	A	X	0.000027	0.000024	0.000022	0.000071	0.999856
69	D	X	0.000020	0.000022	0.000014	0.000036	0.999909
70	Y	X	0.000020	0.000025	0.000022	0.000006	0.999927
