# Name=ClassPBF_mrcB
# pos	aa	SP	TAT	LIPO	CS	OTHER
1	M	X	0.021441	0.067186	0.010092	0.000043	0.901238
2	A	X	0.021364	0.067110	0.009890	0.000225	0.901410
3	G	X	0.021311	0.067016	0.009694	0.000224	0.901756
4	N	X	0.021261	0.066948	0.009525	0.000184	0.902082
5	D	X	0.021222	0.066873	0.009458	0.000079	0.902368
6	R	X	0.021173	0.066769	0.009354	0.000158	0.902546
7	E	X	0.021134	0.066667	0.009274	0.000129	0.902796
8	P	X	0.021092	0.066523	0.009164	0.000208	0.903012
9	I	X	0.021040	0.066405	0.009050	0.000201	0.903304
10	G	X	0.020904	0.065925	0.008779	0.000807	0.903585
11	R	X	0.020679	0.064181	0.008306	0.002365	0.904468
12	K	X	0.020410	0.062241	0.007764	0.002686	0.906899
13	G	X	0.020094	0.058381	0.007154	0.004723	0.909647
14	K	X	0.019917	0.058024	0.006899	0.000737	0.914423
15	P	X	0.019716	0.055042	0.006606	0.003424	0.915213
16	T	X	0.019544	0.054554	0.006423	0.000794	0.918686
17	R	X	0.019394	0.054150	0.006269	0.000660	0.919528
18	P	X	0.019129	0.051526	0.005999	0.003117	0.920230
19	V	X	0.018915	0.051064	0.005848	0.000790	0.923382
20	K	X	0.018613	0.049795	0.005597	0.001792	0.924204
21	Q	X	0.018272	0.048066	0.005419	0.002220	0.926023
22	K	X	0.017967	0.047348	0.005233	0.001186	0.928266
23	V	X	0.017739	0.046376	0.005021	0.001390	0.929473
24	S	X	0.017329	0.045226	0.004745	0.001818	0.930881
25	R	X	0.016821	0.044446	0.004498	0.001520	0.932715
26	R	X	0.016377	0.043699	0.004091	0.001586	0.934248
27	R	X	0.015864	0.042849	0.003589	0.001854	0.935844
28	Y	X	0.015478	0.042497	0.003356	0.000960	0.937709
29	E	X	0.015170	0.042310	0.003243	0.000600	0.938677
30	D	X	0.014967	0.042194	0.003194	0.000364	0.939282
31	D	X	0.014704	0.042071	0.003114	0.000464	0.939646
32	D	X	0.014443	0.041952	0.003037	0.000460	0.940108
33	D	X	0.014172	0.041798	0.002947	0.000519	0.940564
34	Y	X	0.013800	0.041569	0.002792	0.000762	0.941077
35	D	X	0.013505	0.041301	0.002693	0.000670	0.941831
36	D	X	0.013263	0.041142	0.002623	0.000483	0.942489
37	Y	X	0.012908	0.040904	0.002488	0.000743	0.942958
38	D	X	0.012641	0.040730	0.002413	0.000532	0.943684
39	D	X	0.012425	0.040583	0.002355	0.000439	0.944198
40	Y	X	0.012163	0.040387	0.002279	0.000556	0.944615
41	E	X	0.011903	0.040196	0.002200	0.000552	0.945149
42	D	X	0.011691	0.040032	0.002155	0.000443	0.945680
43	E	X	0.011471	0.039739	0.002101	0.000592	0.946097
44	E	X	0.011289	0.039574	0.002068	0.000406	0.946664
45	P	X	0.011004	0.039209	0.002014	0.000728	0.947046
46	M	X	0.010674	0.038764	0.001936	0.000875	0.947751
47	P	X	0.010249	0.038015	0.001853	0.001274	0.948609
48	R	X	0.009679	0.036429	0.001762	0.002264	0.949867
49	K	X	0.009098	0.034247	0.001646	0.002904	0.952106
50	G	X	0.008565	0.031981	0.001553	0.002937	0.954964
51	K	X	0.008095	0.029907	0.001457	0.002688	0.957853
52	G	X	0.007564	0.027678	0.001348	0.002924	0.960486
53	K	X	0.007076	0.025499	0.001219	0.002857	0.963350
54	G	X	0.006589	0.023319	0.001105	0.002843	0.966144
55	K	X	0.006151	0.021168	0.000994	0.002765	0.968922
56	G	X	0.005723	0.019002	0.000893	0.002760	0.971622
57	R	X	0.005367	0.016928	0.000824	0.002562	0.974318
58	K	X	0.005041	0.016147	0.000767	0.001225	0.976820
59	P	X	0.004731	0.013154	0.000718	0.003389	0.978009
60	R	X	0.004360	0.009846	0.000630	0.003818	0.981346
61	G	X	0.004014	0.006528	0.000559	0.003788	0.985111
62	K	X	0.003731	0.005847	0.000530	0.001040	0.988852
63	R	X	0.003432	0.005097	0.000483	0.001145	0.989843
64	G	X	0.003142	0.004309	0.000429	0.001193	0.990927
65	W	X	0.002927	0.003846	0.000398	0.000761	0.992068
66	L	X	0.002780	0.003367	0.000380	0.000690	0.992783
67	W	X	0.002652	0.003044	0.000369	0.000507	0.993428
68	L	X	0.002514	0.002770	0.000360	0.000472	0.993884
69	L	X	0.002389	0.002614	0.000362	0.000323	0.994312
70	L	X	0.002321	0.002593	0.000371	0.000120	0.994595
