# Name=MurD
# pos	aa	SP	TAT	LIPO	CS	OTHER
1	M	X	0.016957	0.004326	0.394541	0.000028	0.584148
2	A	X	0.016894	0.004250	0.394692	0.000081	0.584083
3	D	X	0.016854	0.004198	0.394863	0.000034	0.584050
4	Y	X	0.016822	0.004159	0.395030	0.000011	0.583978
5	Q	X	0.016785	0.004120	0.395175	0.000020	0.583900
6	G	X	0.016741	0.004082	0.395323	0.000029	0.583825
7	K	X	0.016671	0.004041	0.395479	0.000059	0.583750
8	N	X	0.016607	0.004010	0.395655	0.000044	0.583685
9	V	X	0.016525	0.003980	0.395827	0.000061	0.583607
10	V	X	0.016446	0.003953	0.396002	0.000061	0.583538
11	I	X	0.016377	0.003928	0.396179	0.000055	0.583460
12	I	X	0.016298	0.003904	0.396351	0.000077	0.583370
13	G	X	0.016175	0.003877	0.396488	0.000161	0.583298
14	L	X	0.016072	0.003855	0.396629	0.000137	0.583307
15	G	X	0.015931	0.003831	0.396676	0.000258	0.583304
16	L	X	0.015829	0.003812	0.396781	0.000157	0.583420
17	T	X	0.015703	0.003800	0.396818	0.000218	0.583460
18	G	X	0.015504	0.003785	0.395895	0.001244	0.583573
19	L	X	0.015366	0.003777	0.395930	0.000211	0.584717
20	S	X	0.014977	0.003739	0.002012	0.394816	0.584456
21	C	X	0.013849	0.003741	0.000475	0.002752	0.979184
22	V	X	0.013483	0.003733	0.000417	0.000424	0.981943
23	D	X	0.013397	0.003739	0.000403	0.000099	0.982361
24	F	X	0.013293	0.003746	0.000387	0.000128	0.982446
25	F	X	0.013226	0.003751	0.000375	0.000091	0.982557
26	L	X	0.012827	0.003736	0.000353	0.000451	0.982633
27	A	X	0.010088	0.003311	0.000178	0.003363	0.983059
28	R	X	0.009620	0.003264	0.000101	0.000603	0.986412
29	G	X	0.003173	0.001873	0.000022	0.007952	0.986980
30	V	X	0.003020	0.001840	0.000019	0.000188	0.994932
31	T	X	0.002909	0.001825	0.000019	0.000127	0.995120
32	P	X	0.002552	0.001738	0.000016	0.000454	0.995240
33	R	X	0.002258	0.001655	0.000010	0.000392	0.995685
34	V	X	0.002120	0.001613	0.000010	0.000187	0.996069
35	M	X	0.001952	0.001562	0.000010	0.000230	0.996247
36	D	X	0.001703	0.001459	0.000009	0.000365	0.996464
37	T	X	0.001548	0.001392	0.000009	0.000237	0.996814
38	R	X	0.001333	0.001292	0.000006	0.000334	0.997034
39	M	X	0.001180	0.001225	0.000006	0.000234	0.997355
40	T	X	0.001134	0.001214	0.000007	0.000067	0.997578
41	P	X	0.001085	0.001201	0.000008	0.000073	0.997633
42	P	X	0.000973	0.001155	0.000010	0.000175	0.997688
43	G	X	0.000886	0.001113	0.000010	0.000149	0.997841
44	L	X	0.000824	0.001086	0.000012	0.000108	0.997970
45	D	X	0.000789	0.001060	0.000016	0.000080	0.998056
46	K	X	0.000734	0.001017	0.000020	0.000124	0.998104
47	L	X	0.000703	0.000999	0.000027	0.000076	0.998196
48	P	X	0.000663	0.000980	0.000033	0.000090	0.998234
49	E	X	0.000619	0.000947	0.000040	0.000121	0.998274
50	A	X	0.000543	0.000830	0.000041	0.000258	0.998327
51	V	X	0.000513	0.000801	0.000048	0.000100	0.998538
52	E	X	0.000482	0.000765	0.000054	0.000115	0.998585
53	R	X	0.000422	0.000645	0.000053	0.000250	0.998631
54	H	X	0.000383	0.000602	0.000054	0.000133	0.998828
55	T	X	0.000350	0.000570	0.000054	0.000110	0.998916
56	G	X	0.000323	0.000540	0.000056	0.000098	0.998983
57	S	X	0.000293	0.000503	0.000054	0.000114	0.999035
58	L	X	0.000271	0.000481	0.000055	0.000085	0.999108
59	N	X	0.000247	0.000456	0.000054	0.000093	0.999149
60	D	X	0.000233	0.000437	0.000057	0.000071	0.999202
61	E	X	0.000220	0.000419	0.000058	0.000073	0.999231
62	W	X	0.000208	0.000396	0.000062	0.000077	0.999256
63	L	X	0.000198	0.000383	0.000065	0.000075	0.999280
64	M	X	0.000185	0.000369	0.000068	0.000082	0.999295
65	A	X	0.000158	0.000285	0.000057	0.000220	0.999280
66	A	X	0.000136	0.000215	0.000045	0.000176	0.999427
67	D	X	0.000125	0.000205	0.000041	0.000065	0.999563
68	L	X	0.000116	0.000185	0.000039	0.000074	0.999587
69	I	X	0.000107	0.000152	0.000036	0.000091	0.999615
70	V	X	0.000107	0.000149	0.000041	0.000032	0.999671
