# Name=MurC
# pos	aa	SP	TAT	LIPO	CS	OTHER
1	M	X	0.136840	0.399724	0.004464	0.000019	0.458953
2	N	X	0.136825	0.399755	0.004398	0.000041	0.458982
3	T	X	0.136818	0.399786	0.004350	0.000024	0.459022
4	Q	X	0.136813	0.399815	0.004310	0.000013	0.459050
5	Q	X	0.136807	0.399841	0.004272	0.000011	0.459069
6	L	X	0.136795	0.399863	0.004235	0.000018	0.459088
7	A	X	0.136777	0.399879	0.004196	0.000036	0.459112
8	K	X	0.136752	0.399907	0.004157	0.000043	0.459141
9	L	X	0.136694	0.399931	0.004121	0.000083	0.459172
10	R	X	0.136586	0.399951	0.004076	0.000148	0.459238
11	S	X	0.136459	0.399960	0.004027	0.000194	0.459360
12	I	X	0.136385	0.399997	0.003986	0.000126	0.459507
13	V	X	0.136335	0.400051	0.003957	0.000069	0.459587
14	P	X	0.136244	0.400114	0.003928	0.000115	0.459600
15	E	X	0.136112	0.400191	0.003894	0.000160	0.459643
16	M	X	0.135899	0.400276	0.003850	0.000253	0.459722
17	R	X	0.135660	0.400369	0.003808	0.000283	0.459880
18	R	X	0.135292	0.400451	0.003745	0.000456	0.460056
19	V	X	0.135076	0.400564	0.003706	0.000268	0.460386
20	R	X	0.134783	0.400683	0.003664	0.000352	0.460518
21	H	X	0.134514	0.400802	0.003620	0.000345	0.460718
22	I	X	0.134284	0.400961	0.003579	0.000295	0.460882
23	H	X	0.134079	0.401148	0.003543	0.000257	0.460973
24	F	X	0.133833	0.401350	0.003504	0.000319	0.460995
25	V	X	0.133489	0.401611	0.003467	0.000402	0.461030
26	G	X	0.133087	0.401860	0.003402	0.000519	0.461132
27	I	X	0.132817	0.402136	0.003370	0.000341	0.461336
28	G	X	0.132506	0.402375	0.003260	0.000471	0.461387
29	G	X	0.132138	0.402502	0.003023	0.000734	0.461603
30	A	X	0.131855	0.402532	0.002887	0.000607	0.462119
31	G	X	0.131674	0.402374	0.002239	0.001168	0.462545
32	M	X	0.131547	0.402261	0.002154	0.000486	0.463552
33	G	X	0.131444	0.402242	0.001817	0.000607	0.463890
34	G	X	0.131379	0.402199	0.001460	0.000587	0.464375
35	I	X	0.131257	0.402192	0.001404	0.000281	0.464866
36	A	X	0.129981	0.401418	0.000827	0.002688	0.465086
37	E	X	0.129899	0.401256	0.000697	0.000436	0.467712
38	V	X	0.129601	0.399983	0.000669	0.001664	0.468083
39	L	X	0.129266	0.399392	0.000589	0.001044	0.469710
40	A	X	0.005234	0.051931	0.000123	0.472214	0.470499
41	N	X	0.004630	0.048758	0.000092	0.003874	0.942646
42	E	X	0.004296	0.046436	0.000085	0.002637	0.946546
43	G	X	0.003505	0.039869	0.000064	0.007380	0.949182
44	Y	X	0.003367	0.038554	0.000062	0.001449	0.956568
45	Q	X	0.003042	0.034085	0.000061	0.004804	0.958007
46	I	X	0.002889	0.032069	0.000064	0.002180	0.962798
47	S	X	0.002675	0.029166	0.000064	0.003141	0.964954
48	G	X	0.002094	0.021574	0.000046	0.008250	0.968037
49	S	X	0.001783	0.015920	0.000035	0.006018	0.976244
50	D	X	0.001674	0.014665	0.000035	0.001383	0.982242
51	L	X	0.001468	0.010533	0.000027	0.004379	0.983593
52	A	X	0.001318	0.008100	0.000023	0.002619	0.987940
53	P	X	0.001159	0.006642	0.000023	0.001641	0.990535
54	N	X	0.001069	0.005717	0.000024	0.001035	0.992154
55	P	X	0.000968	0.005000	0.000026	0.000841	0.993164
56	V	X	0.000872	0.004591	0.000028	0.000536	0.993972
57	T	X	0.000791	0.004103	0.000031	0.000602	0.994473
58	Q	X	0.000703	0.003509	0.000034	0.000724	0.995029
59	Q	X	0.000588	0.002824	0.000034	0.000851	0.995703
60	L	X	0.000514	0.002494	0.000037	0.000442	0.996512
61	L	X	0.000452	0.002238	0.000040	0.000356	0.996914
62	N	X	0.000399	0.001977	0.000042	0.000356	0.997226
63	L	X	0.000349	0.001661	0.000042	0.000415	0.997532
64	G	X	0.000281	0.001190	0.000038	0.000600	0.997891
65	A	X	0.000213	0.000859	0.000034	0.000457	0.998437
66	T	X	0.000183	0.000703	0.000033	0.000219	0.998862
67	I	X	0.000172	0.000575	0.000034	0.000168	0.999050
68	Y	X	0.000157	0.000399	0.000035	0.000227	0.999182
69	F	X	0.000143	0.000225	0.000032	0.000238	0.999363
70	N	X	0.000142	0.000217	0.000035	0.000038	0.999568
