# Name=MurA
# pos	aa	SP	TAT	LIPO	CS	OTHER
1	M	X	0.075698	0.012831	0.022926	0.000254	0.888292
2	D	X	0.075565	0.012754	0.022828	0.000187	0.888666
3	K	X	0.075362	0.012662	0.022667	0.000309	0.889000
4	F	X	0.075221	0.012588	0.022549	0.000198	0.889445
5	R	X	0.075064	0.012514	0.022421	0.000226	0.889775
6	V	X	0.074816	0.012445	0.022250	0.000364	0.890125
7	Q	X	0.074657	0.012382	0.022128	0.000227	0.890606
8	G	X	0.074427	0.012319	0.021969	0.000340	0.890945
9	P	X	0.074168	0.012260	0.021794	0.000392	0.891386
10	T	X	0.073951	0.012207	0.021668	0.000301	0.891873
11	K	X	0.073641	0.012156	0.021456	0.000483	0.892264
12	L	X	0.073283	0.012107	0.021213	0.000564	0.892832
13	Q	X	0.072702	0.012053	0.019705	0.002062	0.893478
14	G	X	0.071773	0.011977	0.017527	0.003102	0.895620
15	E	X	0.071105	0.011922	0.015738	0.002451	0.898784
16	V	X	0.070660	0.011878	0.014989	0.001182	0.901291
17	T	X	0.070305	0.011837	0.014340	0.000992	0.902526
18	I	X	0.069739	0.011791	0.013766	0.001138	0.903566
19	S	X	0.068970	0.011722	0.012715	0.001842	0.904751
20	G	X	0.067644	0.011614	0.009858	0.004252	0.906632
21	A	X	0.064817	0.011422	0.007827	0.005021	0.910912
22	K	X	0.064326	0.011376	0.007557	0.000789	0.915952
23	N	X	0.063649	0.011295	0.006967	0.001329	0.916760
24	A	X	0.062715	0.011125	0.005928	0.002132	0.918101
25	A	X	0.061761	0.010925	0.005320	0.001755	0.920238
26	L	X	0.061425	0.010858	0.005118	0.000601	0.921997
27	P	X	0.060963	0.010769	0.004915	0.000750	0.922602
28	I	X	0.060812	0.010738	0.004843	0.000255	0.923352
29	L	X	0.060631	0.010709	0.004761	0.000290	0.923608
30	F	X	0.060322	0.010681	0.004689	0.000406	0.923902
31	A	X	0.059074	0.010560	0.004132	0.001921	0.924314
32	A	X	0.058558	0.010518	0.003537	0.001148	0.926239
33	L	X	0.057956	0.010473	0.003368	0.000802	0.927401
34	L	X	0.055308	0.010412	0.003211	0.002842	0.928228
35	A	X	0.017271	0.007973	0.000386	0.043282	0.931087
36	E	X	0.016003	0.007879	0.000100	0.001617	0.974400
37	E	X	0.015559	0.007851	0.000086	0.000464	0.976040
38	P	X	0.014806	0.007807	0.000058	0.000808	0.976520
39	V	X	0.014411	0.007760	0.000047	0.000439	0.977343
40	E	X	0.014003	0.007732	0.000043	0.000427	0.977795
41	I	X	0.009045	0.007090	0.000030	0.005607	0.978228
42	Q	X	0.008313	0.006972	0.000027	0.000846	0.983843
43	N	X	0.007080	0.006484	0.000022	0.001722	0.984692
44	V	X	0.006906	0.006425	0.000023	0.000229	0.986416
45	P	X	0.006550	0.006348	0.000024	0.000435	0.986643
46	K	X	0.005789	0.006111	0.000021	0.001011	0.987069
47	L	X	0.005324	0.005885	0.000022	0.000699	0.988070
48	K	X	0.004837	0.005661	0.000022	0.000723	0.988757
49	D	X	0.004468	0.005418	0.000024	0.000624	0.989466
50	V	X	0.004205	0.005224	0.000028	0.000468	0.990075
51	D	X	0.004006	0.005100	0.000033	0.000336	0.990524
52	T	X	0.003694	0.004894	0.000040	0.000539	0.990833
53	S	X	0.003430	0.004697	0.000046	0.000486	0.991341
54	M	X	0.003171	0.004505	0.000054	0.000476	0.991794
55	K	X	0.002915	0.004301	0.000061	0.000489	0.992234
56	L	X	0.002729	0.004112	0.000069	0.000406	0.992684
57	L	X	0.002535	0.003906	0.000074	0.000437	0.993048
58	S	X	0.002280	0.003630	0.000077	0.000577	0.993436
59	Q	X	0.002096	0.003444	0.000081	0.000411	0.993967
60	L	X	0.001940	0.003268	0.000085	0.000374	0.994333
61	G	X	0.001768	0.002991	0.000084	0.000504	0.994653
62	A	X	0.001538	0.002701	0.000078	0.000591	0.995091
63	K	X	0.001385	0.002485	0.000076	0.000419	0.995635
64	V	X	0.001262	0.002270	0.000076	0.000384	0.996008
65	E	X	0.001141	0.002012	0.000074	0.000428	0.996344
66	R	X	0.000951	0.001559	0.000067	0.000716	0.996707
67	N	X	0.000798	0.001218	0.000061	0.000549	0.997374
68	G	X	0.000655	0.000845	0.000054	0.000574	0.997872
69	S	X	0.000530	0.000578	0.000047	0.000442	0.998403
70	V	X	0.000498	0.000533	0.000048	0.000105	0.998817
