# Name=MurB
# pos	aa	SP	TAT	LIPO	CS	OTHER
1	M	X	0.007832	0.001117	0.001098	0.000030	0.989923
2	N	X	0.007790	0.001059	0.001026	0.000038	0.990087
3	H	X	0.007756	0.001014	0.000968	0.000019	0.990243
4	S	X	0.007717	0.000970	0.000911	0.000027	0.990375
5	L	X	0.007685	0.000934	0.000864	0.000013	0.990505
6	K	X	0.007655	0.000900	0.000820	0.000010	0.990614
7	P	X	0.007622	0.000869	0.000780	0.000017	0.990713
8	W	X	0.007594	0.000841	0.000745	0.000009	0.990811
9	N	X	0.007562	0.000816	0.000710	0.000015	0.990896
10	T	X	0.007529	0.000794	0.000678	0.000016	0.990983
11	F	X	0.007493	0.000775	0.000646	0.000021	0.991065
12	G	X	0.007369	0.000755	0.000594	0.000132	0.991150
13	I	X	0.007294	0.000739	0.000563	0.000065	0.991339
14	D	X	0.007236	0.000726	0.000540	0.000046	0.991452
15	H	X	0.007178	0.000714	0.000523	0.000047	0.991538
16	N	X	0.006973	0.000702	0.000487	0.000220	0.991619
17	A	X	0.006644	0.000688	0.000446	0.000352	0.991870
18	Q	X	0.006461	0.000678	0.000425	0.000187	0.992249
19	H	X	0.006256	0.000669	0.000401	0.000216	0.992458
20	I	X	0.006164	0.000662	0.000384	0.000096	0.992693
21	V	X	0.006038	0.000653	0.000326	0.000177	0.992805
22	C	X	0.005092	0.000608	0.000215	0.001088	0.992998
23	A	X	0.001633	0.000555	0.000098	0.003618	0.994096
24	E	X	0.001489	0.000547	0.000087	0.000153	0.997724
25	D	X	0.001397	0.000542	0.000080	0.000097	0.997885
26	E	X	0.001329	0.000537	0.000075	0.000072	0.997987
27	Q	X	0.001240	0.000533	0.000067	0.000097	0.998062
28	Q	X	0.001177	0.000530	0.000063	0.000068	0.998162
29	L	X	0.001131	0.000528	0.000059	0.000051	0.998232
30	L	X	0.001089	0.000524	0.000057	0.000046	0.998284
31	N	X	0.001029	0.000521	0.000052	0.000067	0.998331
32	A	X	0.000916	0.000510	0.000040	0.000135	0.998399
33	W	X	0.000883	0.000507	0.000038	0.000039	0.998534
34	Q	X	0.000797	0.000499	0.000031	0.000100	0.998573
35	H	X	0.000774	0.000497	0.000029	0.000028	0.998672
36	A	X	0.000691	0.000489	0.000023	0.000097	0.998700
37	T	X	0.000651	0.000486	0.000021	0.000045	0.998796
38	A	X	0.000404	0.000449	0.000011	0.000297	0.998840
39	E	X	0.000373	0.000446	0.000009	0.000035	0.999137
40	G	X	0.000234	0.000428	0.000004	0.000162	0.999172
41	Q	X	0.000218	0.000425	0.000004	0.000018	0.999334
42	P	X	0.000200	0.000422	0.000004	0.000022	0.999352
43	V	X	0.000189	0.000418	0.000004	0.000015	0.999374
44	L	X	0.000182	0.000416	0.000004	0.000010	0.999388
45	I	X	0.000171	0.000411	0.000005	0.000017	0.999396
46	L	X	0.000157	0.000408	0.000005	0.000019	0.999411
47	G	X	0.000136	0.000400	0.000004	0.000032	0.999428
48	E	X	0.000128	0.000398	0.000004	0.000012	0.999458
49	G	X	0.000115	0.000396	0.000004	0.000018	0.999468
50	S	X	0.000108	0.000395	0.000004	0.000009	0.999484
51	N	X	0.000103	0.000394	0.000004	0.000007	0.999491
52	V	X	0.000101	0.000394	0.000005	0.000004	0.999496
53	L	X	0.000099	0.000395	0.000006	0.000004	0.999496
54	F	X	0.000095	0.000391	0.000006	0.000013	0.999496
55	L	X	0.000090	0.000383	0.000006	0.000017	0.999503
56	E	X	0.000089	0.000382	0.000007	0.000007	0.999516
57	D	X	0.000087	0.000381	0.000007	0.000006	0.999519
58	Y	X	0.000085	0.000380	0.000008	0.000007	0.999519
59	R	X	0.000081	0.000374	0.000008	0.000018	0.999519
60	G	X	0.000076	0.000370	0.000008	0.000014	0.999531
61	T	X	0.000073	0.000370	0.000008	0.000009	0.999540
62	V	X	0.000071	0.000369	0.000009	0.000008	0.999543
63	I	X	0.000070	0.000368	0.000009	0.000008	0.999545
64	I	X	0.000067	0.000364	0.000010	0.000013	0.999546
65	N	X	0.000065	0.000362	0.000011	0.000011	0.999550
66	R	X	0.000061	0.000352	0.000011	0.000025	0.999552
67	I	X	0.000058	0.000347	0.000012	0.000016	0.999567
68	K	X	0.000055	0.000340	0.000012	0.000020	0.999573
69	G	X	0.000045	0.000309	0.000012	0.000056	0.999578
70	I	X	0.000045	0.000310	0.000014	0.000007	0.999624
