# Name=MurE
# pos	aa	SP	TAT	LIPO	CS	OTHER
1	M	X	0.006408	0.025810	0.000725	0.000026	0.967030
2	A	X	0.006340	0.025739	0.000667	0.000086	0.967169
3	D	X	0.006316	0.025668	0.000621	0.000040	0.967354
4	R	X	0.006293	0.025614	0.000585	0.000020	0.967487
5	N	X	0.006271	0.025563	0.000552	0.000021	0.967593
6	L	X	0.006250	0.025516	0.000524	0.000014	0.967696
7	R	X	0.006228	0.025471	0.000497	0.000017	0.967787
8	D	X	0.006205	0.025430	0.000472	0.000016	0.967876
9	L	X	0.006182	0.025391	0.000448	0.000018	0.967961
10	L	X	0.006148	0.025353	0.000425	0.000030	0.968045
11	A	X	0.006071	0.025307	0.000397	0.000085	0.968140
12	P	X	0.005957	0.025265	0.000371	0.000119	0.968288
13	W	X	0.005883	0.025229	0.000350	0.000073	0.968465
14	V	X	0.005827	0.025198	0.000332	0.000050	0.968593
15	P	X	0.005700	0.025168	0.000311	0.000129	0.968692
16	D	X	0.005597	0.025139	0.000292	0.000108	0.968865
17	A	X	0.005487	0.025111	0.000274	0.000114	0.969014
18	P	X	0.005429	0.025084	0.000262	0.000060	0.969165
19	S	X	0.005309	0.025031	0.000241	0.000157	0.969262
20	R	X	0.005200	0.025001	0.000222	0.000122	0.969455
21	A	X	0.003076	0.024597	0.000192	0.002519	0.969617
22	L	X	0.002937	0.024522	0.000180	0.000196	0.972165
23	R	X	0.002639	0.024363	0.000161	0.000447	0.972389
24	E	X	0.002539	0.024267	0.000151	0.000182	0.972861
25	M	X	0.002454	0.024196	0.000143	0.000141	0.973065
26	T	X	0.002389	0.024117	0.000136	0.000131	0.973226
27	L	X	0.002334	0.024021	0.000130	0.000140	0.973376
28	D	X	0.002286	0.023938	0.000125	0.000119	0.973532
29	S	X	0.002217	0.023787	0.000117	0.000212	0.973668
30	R	X	0.002158	0.023601	0.000112	0.000232	0.973896
31	V	X	0.002108	0.023400	0.000110	0.000236	0.974146
32	A	X	0.002006	0.023088	0.000101	0.000404	0.974401
33	A	X	0.001467	0.021079	0.000088	0.002540	0.974825
34	A	X	0.001044	0.018657	0.000074	0.002846	0.977379
35	G	X	0.000951	0.017886	0.000064	0.000860	0.980238
36	D	X	0.000936	0.017786	0.000063	0.000105	0.981110
37	L	X	0.000926	0.017755	0.000062	0.000033	0.981224
38	F	X	0.000918	0.017729	0.000061	0.000027	0.981265
39	V	X	0.000906	0.017621	0.000059	0.000116	0.981298
40	A	X	0.000890	0.017493	0.000056	0.000142	0.981419
41	V	X	0.000883	0.017428	0.000055	0.000068	0.981566
42	V	X	0.000875	0.017363	0.000054	0.000070	0.981638
43	G	X	0.000857	0.017117	0.000052	0.000262	0.981713
44	H	X	0.000849	0.017077	0.000050	0.000043	0.981980
45	Q	X	0.000829	0.016973	0.000048	0.000121	0.982030
46	A	X	0.000800	0.016702	0.000044	0.000296	0.982158
47	D	X	0.000793	0.016676	0.000043	0.000022	0.982465
48	G	X	0.000717	0.015739	0.000040	0.001007	0.982497
49	R	X	0.000697	0.015495	0.000038	0.000259	0.983511
50	R	X	0.000675	0.015138	0.000037	0.000372	0.983778
51	Y	X	0.000660	0.014826	0.000037	0.000318	0.984159
52	I	X	0.000652	0.014623	0.000037	0.000202	0.984486
53	P	X	0.000638	0.014433	0.000036	0.000197	0.984695
54	Q	X	0.000620	0.013881	0.000035	0.000566	0.984898
55	A	X	0.000590	0.012701	0.000033	0.001208	0.985467
56	I	X	0.000576	0.012580	0.000032	0.000133	0.986679
57	A	X	0.000504	0.011142	0.000027	0.001518	0.986810
58	Q	X	0.000487	0.011000	0.000026	0.000160	0.988327
59	G	X	0.000451	0.010374	0.000023	0.000666	0.988487
60	V	X	0.000438	0.010109	0.000022	0.000278	0.989152
61	A	X	0.000403	0.009652	0.000019	0.000499	0.989427
62	A	X	0.000365	0.008981	0.000015	0.000717	0.989921
63	I	X	0.000357	0.008788	0.000016	0.000204	0.990635
64	I	X	0.000344	0.008609	0.000015	0.000199	0.990833
65	A	X	0.000326	0.007590	0.000013	0.001051	0.991020
66	E	X	0.000317	0.007445	0.000013	0.000162	0.992063
67	A	X	0.000227	0.002633	0.000009	0.004951	0.992180
68	K	X	0.000215	0.002305	0.000008	0.000348	0.997124
69	D	X	0.000203	0.001614	0.000008	0.000716	0.997460
70	E	X	0.000202	0.001557	0.000010	0.000065	0.998166
