# Name=Alr
# pos	aa	SP	TAT	LIPO	CS	OTHER
1	M	X	0.008267	0.004280	0.001348	0.000034	0.986070
2	T	X	0.008226	0.004205	0.001263	0.000057	0.986249
3	R	X	0.008193	0.004137	0.001191	0.000050	0.986429
4	P	X	0.008164	0.004089	0.001137	0.000021	0.986589
5	I	X	0.008136	0.004047	0.001092	0.000008	0.986716
6	Q	X	0.008103	0.004008	0.001044	0.000018	0.986828
7	A	X	0.008022	0.003961	0.000978	0.000095	0.986945
8	S	X	0.007951	0.003921	0.000915	0.000084	0.987129
9	L	X	0.007903	0.003889	0.000872	0.000042	0.987293
10	D	X	0.007861	0.003861	0.000838	0.000031	0.987409
11	L	X	0.007805	0.003836	0.000806	0.000047	0.987506
12	Q	X	0.007702	0.003810	0.000753	0.000119	0.987616
13	A	X	0.007363	0.003767	0.000622	0.000451	0.987798
14	L	X	0.007177	0.003739	0.000580	0.000201	0.988302
15	K	X	0.006786	0.003689	0.000524	0.000451	0.988551
16	Q	X	0.006611	0.003658	0.000488	0.000202	0.989042
17	N	X	0.006506	0.003631	0.000464	0.000120	0.989280
18	L	X	0.006408	0.003607	0.000446	0.000107	0.989432
19	S	X	0.006282	0.003576	0.000424	0.000148	0.989569
20	I	X	0.006197	0.003549	0.000407	0.000100	0.989746
21	V	X	0.006098	0.003518	0.000393	0.000117	0.989874
22	R	X	0.005934	0.003483	0.000373	0.000190	0.990019
23	Q	X	0.005668	0.003435	0.000351	0.000306	0.990240
24	A	X	0.005119	0.003275	0.000295	0.000732	0.990579
25	A	X	0.005008	0.003237	0.000282	0.000130	0.991342
26	P	X	0.004776	0.003160	0.000254	0.000305	0.991505
27	H	X	0.004641	0.003102	0.000240	0.000175	0.991842
28	A	X	0.004282	0.002941	0.000193	0.000532	0.992052
29	R	X	0.004143	0.002889	0.000178	0.000174	0.992615
30	V	X	0.004015	0.002761	0.000173	0.000227	0.992823
31	W	X	0.003889	0.002712	0.000163	0.000157	0.993079
32	S	X	0.003539	0.002486	0.000142	0.000570	0.993263
33	V	X	0.003485	0.002455	0.000140	0.000066	0.993854
34	V	X	0.003410	0.002412	0.000135	0.000105	0.993939
35	K	X	0.003275	0.002378	0.000122	0.000165	0.994060
36	A	X	0.002754	0.002087	0.000090	0.000825	0.994243
37	N	X	0.002641	0.002054	0.000075	0.000148	0.995082
38	A	X	0.001303	0.001356	0.000041	0.002057	0.995244
39	Y	X	0.001253	0.001329	0.000035	0.000068	0.997314
40	G	X	0.000990	0.001154	0.000027	0.000435	0.997395
41	H	X	0.000964	0.001134	0.000026	0.000034	0.997841
42	G	X	0.000889	0.001068	0.000024	0.000134	0.997885
43	I	X	0.000865	0.001045	0.000024	0.000039	0.998027
44	E	X	0.000843	0.001027	0.000024	0.000032	0.998073
45	R	X	0.000790	0.000977	0.000023	0.000100	0.998110
46	I	X	0.000767	0.000944	0.000023	0.000052	0.998214
47	W	X	0.000740	0.000924	0.000022	0.000044	0.998270
48	S	X	0.000651	0.000820	0.000019	0.000196	0.998314
49	A	X	0.000599	0.000780	0.000017	0.000093	0.998511
50	L	X	0.000567	0.000760	0.000016	0.000052	0.998606
51	G	X	0.000457	0.000610	0.000012	0.000266	0.998655
52	A	X	0.000371	0.000527	0.000008	0.000174	0.998919
53	T	X	0.000348	0.000510	0.000008	0.000039	0.999095
54	D	X	0.000339	0.000502	0.000009	0.000015	0.999135
55	G	X	0.000309	0.000459	0.000008	0.000074	0.999149
56	F	X	0.000298	0.000453	0.000009	0.000017	0.999223
57	A	X	0.000273	0.000425	0.000008	0.000057	0.999237
58	L	X	0.000264	0.000422	0.000009	0.000014	0.999292
59	L	X	0.000254	0.000416	0.000010	0.000018	0.999302
60	N	X	0.000243	0.000412	0.000010	0.000019	0.999316
61	L	X	0.000229	0.000406	0.000010	0.000024	0.999331
62	E	X	0.000223	0.000405	0.000011	0.000010	0.999351
63	E	X	0.000212	0.000400	0.000012	0.000020	0.999356
64	A	X	0.000192	0.000365	0.000012	0.000065	0.999367
65	I	X	0.000185	0.000363	0.000013	0.000013	0.999426
66	T	X	0.000168	0.000343	0.000014	0.000044	0.999431
67	L	X	0.000153	0.000317	0.000015	0.000049	0.999466
68	R	X	0.000139	0.000270	0.000015	0.000074	0.999502
69	E	X	0.000129	0.000240	0.000014	0.000054	0.999563
70	R	X	0.000124	0.000241	0.000016	0.000013	0.999606
