# Name=MurG
# pos	aa	SP	TAT	LIPO	CS	OTHER
1	M	X	0.056099	0.035312	0.004792	0.000033	0.903764
2	S	X	0.056056	0.035233	0.004646	0.000091	0.903974
3	G	X	0.056010	0.035161	0.004511	0.000069	0.904248
4	Q	X	0.055960	0.035102	0.004395	0.000057	0.904486
5	G	X	0.055895	0.035042	0.004277	0.000080	0.904707
6	K	X	0.055819	0.034984	0.004164	0.000094	0.904940
7	R	X	0.055760	0.034934	0.004070	0.000060	0.905177
8	L	X	0.055686	0.034891	0.003984	0.000073	0.905365
9	M	X	0.055554	0.034851	0.003881	0.000154	0.905560
10	V	X	0.055371	0.034813	0.003757	0.000233	0.905827
11	M	X	0.055123	0.034769	0.003593	0.000347	0.906168
12	A	X	0.054671	0.034717	0.003420	0.000574	0.906620
13	G	X	0.054320	0.034686	0.003263	0.000446	0.907284
14	G	X	0.053623	0.034640	0.002851	0.001066	0.907819
15	T	X	0.053370	0.034622	0.002753	0.000294	0.908961
16	G	X	0.053062	0.034606	0.002518	0.000489	0.909325
17	G	X	0.052658	0.034575	0.002031	0.000858	0.909878
18	H	X	0.052517	0.034558	0.001914	0.000219	0.910792
19	V	X	0.052203	0.034508	0.001811	0.000416	0.911062
20	F	X	0.052123	0.034484	0.001781	0.000087	0.911525
21	P	X	0.051636	0.034408	0.001707	0.000594	0.911655
22	G	X	0.051484	0.034348	0.001609	0.000268	0.912291
23	L	X	0.051330	0.034309	0.001560	0.000197	0.912604
24	A	X	0.046916	0.033117	0.001402	0.005708	0.912856
25	V	X	0.046115	0.032949	0.001263	0.001055	0.918618
26	A	X	0.007082	0.018779	0.000782	0.053657	0.919700
27	H	X	0.006849	0.018705	0.000756	0.000292	0.973397
28	Y	X	0.006332	0.018524	0.000690	0.000728	0.973726
29	L	X	0.006163	0.018454	0.000664	0.000235	0.974484
30	M	X	0.005860	0.018240	0.000627	0.000530	0.974744
31	A	X	0.003285	0.008183	0.000178	0.013092	0.975261
32	Q	X	0.003056	0.008032	0.000081	0.000457	0.988373
33	G	X	0.002043	0.005227	0.000026	0.003866	0.988838
34	W	X	0.001972	0.005184	0.000022	0.000101	0.992722
35	Q	X	0.001800	0.005018	0.000019	0.000327	0.992836
36	V	X	0.001743	0.004973	0.000020	0.000090	0.993174
37	R	X	0.001664	0.004905	0.000019	0.000142	0.993270
38	W	X	0.001564	0.004774	0.000019	0.000229	0.993413
39	L	X	0.001480	0.004707	0.000018	0.000152	0.993643
40	G	X	0.001412	0.004642	0.000019	0.000134	0.993793
41	T	X	0.001285	0.004383	0.000019	0.000394	0.993919
42	A	X	0.000963	0.002796	0.000016	0.001934	0.994291
43	D	X	0.000929	0.002732	0.000017	0.000103	0.996218
44	R	X	0.000810	0.002397	0.000016	0.000474	0.996302
45	M	X	0.000724	0.002155	0.000016	0.000346	0.996759
46	E	X	0.000643	0.001957	0.000014	0.000304	0.997082
47	A	X	0.000294	0.000460	0.000007	0.001930	0.997308
48	D	X	0.000267	0.000415	0.000007	0.000081	0.999230
49	L	X	0.000228	0.000323	0.000007	0.000144	0.999299
50	V	X	0.000213	0.000296	0.000009	0.000049	0.999433
51	P	X	0.000192	0.000263	0.000010	0.000069	0.999466
52	K	X	0.000169	0.000229	0.000011	0.000078	0.999514
53	H	X	0.000157	0.000216	0.000012	0.000039	0.999575
54	G	X	0.000131	0.000155	0.000012	0.000121	0.999581
55	I	X	0.000125	0.000149	0.000014	0.000028	0.999684
56	E	X	0.000118	0.000141	0.000016	0.000032	0.999694
57	I	X	0.000113	0.000135	0.000019	0.000027	0.999706
58	D	X	0.000111	0.000132	0.000023	0.000021	0.999713
59	F	X	0.000107	0.000129	0.000026	0.000031	0.999707
60	I	X	0.000104	0.000127	0.000029	0.000030	0.999710
61	R	X	0.000096	0.000117	0.000030	0.000058	0.999699
62	I	X	0.000092	0.000115	0.000031	0.000035	0.999726
63	S	X	0.000086	0.000110	0.000032	0.000044	0.999727
64	G	X	0.000075	0.000089	0.000031	0.000083	0.999722
65	L	X	0.000070	0.000083	0.000032	0.000047	0.999768
66	R	X	0.000063	0.000071	0.000029	0.000063	0.999775
67	G	X	0.000054	0.000050	0.000025	0.000079	0.999793
68	K	X	0.000048	0.000041	0.000023	0.000052	0.999837
69	G	X	0.000041	0.000029	0.000020	0.000054	0.999856
70	I	X	0.000043	0.000033	0.000023	0.000013	0.999889
