# Name=ddl
# pos	aa	SP	TAT	LIPO	CS	OTHER
1	M	X	0.040574	0.014582	0.004512	0.000028	0.940304
2	T	X	0.040525	0.014532	0.004433	0.000047	0.940462
3	D	X	0.040489	0.014494	0.004369	0.000026	0.940622
4	K	X	0.040454	0.014464	0.004311	0.000019	0.940752
5	I	X	0.040413	0.014435	0.004254	0.000027	0.940872
6	A	X	0.040356	0.014404	0.004189	0.000056	0.940995
7	V	X	0.040272	0.014379	0.004127	0.000083	0.941140
8	L	X	0.040125	0.014356	0.004047	0.000164	0.941308
9	L	X	0.039926	0.014336	0.003971	0.000215	0.941552
10	G	X	0.039508	0.014318	0.003825	0.000504	0.941845
11	G	X	0.038742	0.014304	0.003037	0.001495	0.942421
12	T	X	0.038268	0.014294	0.002806	0.000649	0.943983
13	S	X	0.036356	0.014280	0.002132	0.002522	0.944709
14	A	X	0.025295	0.014127	0.001324	0.011944	0.947309
15	E	X	0.023990	0.014101	0.001152	0.001445	0.959311
16	R	X	0.019354	0.014060	0.000929	0.004856	0.960800
17	E	X	0.018345	0.014036	0.000848	0.001083	0.965688
18	V	X	0.017400	0.014015	0.000782	0.001005	0.966798
19	S	X	0.016462	0.013986	0.000690	0.001036	0.967826
20	L	X	0.015055	0.013921	0.000608	0.001535	0.968881
21	N	X	0.014030	0.013869	0.000556	0.001113	0.970432
22	S	X	0.012891	0.013828	0.000498	0.001224	0.971559
23	G	X	0.011821	0.013792	0.000440	0.001150	0.972797
24	A	X	0.010409	0.013693	0.000360	0.001574	0.973963
25	A	X	0.009770	0.013624	0.000326	0.000729	0.975552
26	V	X	0.009433	0.013532	0.000311	0.000430	0.976295
27	L	X	0.008896	0.013432	0.000276	0.000659	0.976737
28	A	X	0.007017	0.013054	0.000219	0.002304	0.977406
29	G	X	0.006612	0.012896	0.000167	0.000609	0.979716
30	L	X	0.006287	0.012753	0.000144	0.000482	0.980334
31	R	X	0.006013	0.012671	0.000119	0.000372	0.980826
32	E	X	0.005794	0.012584	0.000100	0.000313	0.981208
33	G	X	0.005502	0.012468	0.000070	0.000429	0.981532
34	G	X	0.005330	0.012382	0.000059	0.000259	0.981970
35	I	X	0.005228	0.012261	0.000057	0.000213	0.982240
36	D	X	0.005110	0.012170	0.000056	0.000202	0.982462
37	A	X	0.001630	0.004427	0.000022	0.011273	0.982649
38	Y	X	0.001571	0.004260	0.000022	0.000215	0.993932
39	P	X	0.001174	0.003210	0.000019	0.001447	0.994150
40	V	X	0.001109	0.002671	0.000019	0.000600	0.995601
41	D	X	0.001079	0.002581	0.000020	0.000117	0.996203
42	P	X	0.000934	0.002033	0.000017	0.000706	0.996310
43	K	X	0.000843	0.001635	0.000015	0.000501	0.997006
44	E	X	0.000781	0.001389	0.000015	0.000314	0.997501
45	V	X	0.000735	0.001234	0.000016	0.000208	0.997808
46	D	X	0.000705	0.001170	0.000017	0.000100	0.998008
47	V	X	0.000668	0.001104	0.000019	0.000113	0.998097
48	T	X	0.000639	0.001040	0.000020	0.000104	0.998197
49	Q	X	0.000598	0.000979	0.000021	0.000117	0.998285
50	L	X	0.000547	0.000913	0.000021	0.000135	0.998384
51	K	X	0.000504	0.000845	0.000021	0.000132	0.998498
52	S	X	0.000451	0.000761	0.000020	0.000158	0.998610
53	M	X	0.000423	0.000734	0.000021	0.000069	0.998752
54	G	X	0.000378	0.000674	0.000021	0.000128	0.998799
55	F	X	0.000343	0.000640	0.000021	0.000086	0.998909
56	Q	X	0.000316	0.000612	0.000022	0.000075	0.998976
57	K	X	0.000289	0.000581	0.000022	0.000077	0.999031
58	V	X	0.000277	0.000566	0.000023	0.000043	0.999091
59	F	X	0.000266	0.000557	0.000025	0.000035	0.999117
60	I	X	0.000251	0.000537	0.000026	0.000056	0.999130
61	A	X	0.000227	0.000499	0.000025	0.000090	0.999158
62	L	X	0.000215	0.000486	0.000026	0.000046	0.999226
63	H	X	0.000202	0.000463	0.000027	0.000060	0.999248
64	G	X	0.000179	0.000403	0.000024	0.000124	0.999270
65	R	X	0.000167	0.000385	0.000023	0.000057	0.999368
66	G	X	0.000156	0.000360	0.000022	0.000060	0.999401
67	G	X	0.000141	0.000330	0.000021	0.000074	0.999435
68	E	X	0.000132	0.000311	0.000021	0.000048	0.999489
69	D	X	0.000123	0.000291	0.000022	0.000048	0.999516
70	G	X	0.000118	0.000291	0.000025	0.000025	0.999542
